test_return_mean : 0.4765625
test_return_std : 0.07287014885225637
test_ep_length_mean : 50.0
test_episode_completion_mean : 0.020000000000000007
return_mean : 0.474609375
return_std : 0.08172842169104562
ep_length_mean : 50.0
episode_completion_mean : 0.019843750000000007
