individiaul_timesteps: 1558365 1412384 1472194 1590221 
meta_loss : -0.07413633493706584
test_return_mean : 38.359375
