individiaul_timesteps: 2474360 2347751 2448231 2494010 
meta_loss : -0.10208160430192947
test_return_mean : 31.953125
