test_return_mean : 1.875
test_return_std : 4.635124054434789
test_episode_limit_mean : 1.0
test_ep_length_mean : 200.0
test_episode_completion_mean : 0.00078125
return_mean : 1.875
return_std : 3.9031237489989987
episode_limit_mean : 1.0
ep_length_mean : 200.0
episode_completion_mean : 0.0009374999999999999
