test_return_mean : 0.203125
test_return_std : 0.09757809372497497
test_ep_length_mean : 50.0
test_episode_completion_mean : 0.016250000000000004
return_mean : 0.2109375
return_std : 0.09077304717673633
ep_length_mean : 50.0
episode_completion_mean : 0.016875000000000005
