test_return_mean : 38.75
test_return_std : 3.307189138830738
test_episode_limit_mean : 0.125
test_ep_length_mean : 114.34375
test_episode_completion_mean : 0.010171478628394012
return_mean : 31.71875
return_std : 12.0616499052783
episode_limit_mean : 0.421875
ep_length_mean : 156.109375
episode_completion_mean : 0.007089142181969878
