individiaul_timesteps: 2808369 2712582 2805929 2826334 
meta_loss : -0.08733588922768831
test_return_mean : 35.390625
