test_return_mean : 37.8125
test_return_std : 4.831132760543846
test_episode_limit_mean : 0.1875
test_ep_length_mean : 140.78125
test_episode_completion_mean : 0.008215306879867903
return_mean : 31.875
return_std : 10.135796712641785
episode_limit_mean : 0.4765625
ep_length_mean : 167.359375
episode_completion_mean : 0.00648336544476479
