test_return_mean : 0.234375
test_return_std : 0.06051536478449089
test_ep_length_mean : 50.0
test_episode_completion_mean : 0.018750000000000006
return_mean : 0.16796875
return_std : 0.11738265001028687
ep_length_mean : 50.0
episode_completion_mean : 0.013437500000000005
