test_return_mean : 0.25
test_return_std : 0.0
test_ep_length_mean : 50.0
test_episode_completion_mean : 0.020000000000000007
return_mean : 0.22265625
return_std : 0.07802728263843038
ep_length_mean : 50.0
episode_completion_mean : 0.017812500000000005
