individiaul_timesteps: 1230228 1088523 1143961 1245786 
meta_loss : -0.07451582606881857
test_return_mean : 33.515625
