individiaul_timesteps: 434208 431521 435200 435200 
meta_loss : -0.0657516096252948
test_return_mean : 12.03125
