test_return_mean : 0.4453125
test_return_std : 0.10334966058846057
test_ep_length_mean : 50.0
test_episode_completion_mean : 0.020000000000000007
return_mean : 0.478515625
return_std : 0.09389230735720246
ep_length_mean : 50.0
episode_completion_mean : 0.019375000000000007
