test_return_mean : 0.2109375
test_return_std : 0.09077304717673633
test_ep_length_mean : 50.0
test_episode_completion_mean : 0.016875000000000005
return_mean : 0.17578125
return_std : 0.11422024622823004
ep_length_mean : 50.0
episode_completion_mean : 0.014062500000000004
