test_return_mean : 0.1875
test_return_std : 0.10825317547305482
test_ep_length_mean : 50.0
test_episode_completion_mean : 0.015000000000000005
return_mean : 0.2109375
return_std : 0.09077304717673633
ep_length_mean : 50.0
episode_completion_mean : 0.016875000000000005
