test_return_mean : 38.75
test_return_std : 3.307189138830738
test_episode_limit_mean : 0.125
test_ep_length_mean : 115.9375
test_episode_completion_mean : 0.009977555082135423
return_mean : 29.453125
return_std : 15.875915020381502
episode_limit_mean : 0.375
ep_length_mean : 146.640625
episode_completion_mean : 0.006936393329670627
