test_return_mean : 0.328125
test_return_std : 0.11587810136086973
test_ep_length_mean : 50.0
test_episode_completion_mean : 0.020000000000000007
return_mean : 0.3984375
return_std : 0.12278307535548212
ep_length_mean : 50.0
episode_completion_mean : 0.020000000000000007
