individiaul_timesteps: 2165854 2027059 2102236 2196656 
meta_loss : -0.06875031441450119
test_return_mean : 38.359375
