test_return_mean : 0.25
test_return_std : 0.0
test_ep_length_mean : 50.0
test_episode_completion_mean : 0.020000000000000007
return_mean : 0.248046875
return_std : 0.022010600917157508
ep_length_mean : 50.0
episode_completion_mean : 0.019843750000000007
