test_return_mean : 0.3125
test_return_std : 1.7399263633843818
test_episode_limit_mean : 1.0
test_ep_length_mean : 200.0
test_episode_completion_mean : 0.00015625
return_mean : 0.234375
return_std : 1.5128841196122722
episode_limit_mean : 1.0
ep_length_mean : 200.0
episode_completion_mean : 0.0001171875
