test_return_mean : 0.4375
test_return_std : 0.10825317547305482
test_ep_length_mean : 50.0
test_episode_completion_mean : 0.020000000000000007
return_mean : 0.419921875
return_std : 0.11664915407530556
ep_length_mean : 50.0
episode_completion_mean : 0.020000000000000007
