test_return_mean : 0.2421875
test_return_std : 0.13235214332888606
test_ep_length_mean : 50.0
test_episode_completion_mean : 0.016875000000000005
return_mean : 0.240234375
return_std : 0.08502265179562077
ep_length_mean : 50.0
episode_completion_mean : 0.018437500000000006
