test_return_mean : 0.46875
test_return_std : 0.08267972847076846
test_ep_length_mean : 50.0
test_episode_completion_mean : 0.020000000000000007
return_mean : 0.451171875
return_std : 0.10392019995642991
ep_length_mean : 50.0
episode_completion_mean : 0.019843750000000007
